# zmin	zmax	nz_BGS	        nz_PV	    bias_BGS    err_PV
0	    0.01	45775.08309     0.001	    1.34    0.2
0.01	0.02	45775.08309 	0.001	    1.34	0.2
0.02	0.03	45775.08309	    0.001	    1.34	0.2
0.03	0.04	45775.08309 	0.001	    1.34	0.2
0.04	0.05	45775.08309 	0.001	    1.34	0.2
0.05	0.06	45775.08309 	0.001	    1.34	0.2
0.06	0.07	45775.08309 	0.001	    1.34	0.2
0.07	0.08	45775.08309	    0.001	    1.34	0.2
0.08	0.09	45775.08309	    0.001	    1.34	0.2
0.09	0.1	    45775.08309	    0.001	    1.34	0.2
